20 10
45 23 67 12 89 34 78 56 91 38
17 94 62 83 29 71 46 55 88 13
42 77 31 68 95 27 84 53 19 76
22 64 39 81 59 47 93 15 72 36
54 87 25 63 49 18 82 44 75 33
98 16 73 37 86 52 21 69 43 79
14 92 57 28 74 41 66 35 85 48
99 11 65 32 58 24 89 77 42 61
26 67 13 84 39 56 48 72 31 95
47 83 19 76 55 28 63 44 87 35
52 21 68 94 17 73 46 82 38 59
88 15 64 33 75 27 51 78 43 96
12 71 29 85 54 23 69 41 81 34
58 25 79 45 62 -10 74 37 86 53
91 14 66 49 77 32 57 42 67 22
18 65 39 83 26 55 47 72 84 29
93 48 76 35 59 24 68 44 81 38
75 31 56 41 88 19 64 -5 95 27
51 -2 86 45 73 42 62 17 69 54
89 46 74 23 57 52 82 71 37 49