20 20
67 34 89 12 45 78 23 56 91 38 72 19 84 45 63 27 95 14 58 46
33 87 41 76 55 92 28 64 77 13 49 82 17 68 39 54 83 29 74 31
85 22 59 96 44 71 37 88 16 62 25 79 48 93 57 35 75 42 66 21
11 86 32 69 53 24 81 47 98 36 73 18 65 43 94 26 61 52 78 15
77 34 89 41 56 23 68 92 14 47 83 29 75 38 64 17 86 54 31 96
45 72 28 59 84 33 69 13 57 48 91 22 66 37 81 26 71 18 53 88
67 42 97 35 74 19 62 51 85 39 76 27 58 93 44 73 16 61 52 87
55 24 79 46 82 36 65 12 49 95 32 63 41 78 25 68 21 56 84 47
38 71 14 83 26 59 43 88 29 67 54 92 33 74 17 62 48 81 37 69
94 53 86 22 77 45 72 15 64 39 82 28 57 44 73 19 58 87 35 76
11 96 34 68 23 51 85 41 74 29 63 47 91 38 75 27 59 13 82 56
64 31 88 46 79 25 54 84 36 69 18 62 43 93 48 77 21 67 42 83
52 87 33 71 16 59 45 81 26 55 92 37 66 23 78 39 86 49 94 27
70 35 58 44 83 38 79 17 54 91 28 67 46 71 32 63 15 88 42 73
19 56 84 25 68 47 82 36 74 12 59 44 85 31 66 53 92 39 77 24
63 41 86 29 75 52 93 37 67 21 58 48 83 26 69 34 88 17 72 45
94 49 76 38 81 22 65 43 91 28 57 77 46 89 33 62 18 73 54 84
35 71 14 95 55 87 32 64 25 78 51 96 44 82 27 59 42 85 39 66
23 74 13 52 81 29 68 47 93 36 75 19 62 41 88 34 69 16 57 48
84 37 73 26 59 44 77 22 67 53 89 35 71 18 58 43 92 31 76 45